444 839 10
248 139 2 7 
248 140 3 8 1 
248 141 4 9 2 
248 142 5 10 3 
248 143 6 11 4 
248 144 145 12 5 
248 1 8 13 
248 2 9 14 7 
248 3 10 15 8 
248 4 11 16 9 
248 5 12 17 10 
248 6 146 18 11 
248 7 14 19 
248 8 15 20 13 
248 9 16 21 14 
248 10 17 22 15 
248 11 18 23 16 
248 12 147 24 17 
248 13 20 25 
248 14 21 26 19 
248 15 22 27 20 
248 16 23 28 21 
248 17 24 29 22 
248 18 148 30 23 
248 19 26 31 
248 20 27 32 25 
248 21 28 33 26 
248 22 29 34 27 
248 23 30 35 28 
248 24 149 36 29 
248 25 32 37 
248 26 33 38 31 
248 27 34 39 32 
248 28 35 40 33 
248 29 36 41 34 
248 30 150 42 35 
248 31 38 43 
248 32 39 44 37 
248 33 40 45 38 
248 34 41 46 39 
248 35 42 47 40 
248 36 390 48 41 
248 37 44 49 
248 38 45 50 43 
248 39 46 51 44 
248 40 47 52 45 
248 41 48 53 46 
248 42 385 54 47 
248 43 50 55 
248 44 51 56 49 
248 45 52 57 50 
248 46 53 58 51 
248 47 54 59 52 
248 48 380 60 53 
248 49 56 61 
248 50 57 62 55 
248 51 58 63 56 
248 52 59 64 57 
248 53 60 65 58 
248 54 375 66 59 
248 55 62 67 
248 56 63 68 61 
248 57 64 69 62 
248 58 65 70 63 
248 59 66 71 64 
248 60 370 72 65 
248 61 68 73 
248 62 69 74 67 
248 63 70 75 68 
248 64 71 76 69 
248 65 72 77 70 
248 66 365 78 71 
248 67 74 79 
248 68 75 80 73 
248 69 76 81 74 
248 70 77 82 75 
248 71 78 83 76 
248 72 210 84 77 
248 73 80 85 
248 74 81 86 79 
248 75 82 87 80 
248 76 83 88 81 
248 77 84 89 82 
248 78 209 90 83 
248 79 86 91 
248 80 87 92 85 
248 81 88 93 86 
248 82 89 94 87 
248 83 90 95 88 
248 84 208 96 89 
248 85 92 97 
248 86 93 98 91 
248 87 94 99 92 
248 88 95 100 93 
248 89 96 101 94 
248 90 207 102 95 
248 91 98 103 
248 92 99 104 97 
248 93 100 105 98 
248 94 101 106 99 
248 95 102 107 100 
248 96 206 108 101 
248 97 104 109 
248 98 105 110 103 
248 99 106 111 104 
248 100 107 112 105 
248 101 108 113 106 
248 102 205 114 107 
248 103 110 115 
248 104 111 116 109 
248 105 112 117 110 
248 106 113 118 111 
248 107 114 119 112 
248 108 260 120 113 
248 109 116 121 
248 110 117 122 115 
248 111 118 123 116 
248 112 119 124 117 
248 113 120 125 118 
248 114 265 126 119 
248 115 122 127 
248 116 123 128 121 
248 117 124 129 122 
248 118 125 130 123 
248 119 126 131 124 
248 120 270 132 125 
248 121 128 133 
248 122 129 134 127 
248 123 130 135 128 
248 124 131 136 129 
248 125 132 137 130 
248 126 275 138 131 
248 127 134 139 
248 128 135 140 133 
248 129 136 141 134 
248 130 137 142 135 
248 131 138 143 136 
248 132 280 144 137 
248 133 140 1 
248 134 141 2 139 
248 135 142 3 140 
248 136 143 4 141 
248 137 144 5 142 
248 138 285 6 143 
124 290 151 146 6 
124 145 152 147 12 
124 146 153 148 18 
124 147 154 149 24 
124 148 155 150 30 
124 149 156 395 36 
124 295 157 152 145 
124 151 158 153 146 
124 152 159 154 147 
124 153 160 155 148 
124 154 161 156 149 
124 155 162 400 150 
124 300 163 158 151 
124 157 164 159 152 
124 158 165 160 153 
124 159 166 161 154 
124 160 167 162 155 
124 161 168 405 156 
124 305 169 164 157 
124 163 170 165 158 
124 164 171 166 159 
124 165 172 167 160 
124 166 173 168 161 
124 167 174 410 162 
124 310 175 170 163 
124 169 176 171 164 
124 170 177 172 165 
124 171 178 173 166 
124 172 179 174 167 
124 173 180 415 168 
124 315 181 176 169 
124 175 182 177 170 
124 176 183 178 171 
124 177 184 179 172 
124 178 185 180 173 
124 179 186 420 174 
124 320 187 182 175 
124 181 188 183 176 
124 182 189 184 177 
124 183 190 185 178 
124 184 191 186 179 
124 185 192 425 180 
124 325 193 188 181 
124 187 194 189 182 
124 188 195 190 183 
124 189 196 191 184 
124 190 197 192 185 
124 191 198 430 186 
124 330 199 194 187 
124 193 200 195 188 
124 194 201 196 189 
124 195 202 197 190 
124 196 203 198 191 
124 197 204 435 192 
124 335 200 193 
124 199 201 194 
124 200 202 195 
124 201 203 196 
124 202 204 197 
124 203 440 198 
124 255 108 206 211 
124 205 102 207 212 
124 206 96 208 213 
124 207 90 209 214 
124 208 84 210 215 
124 209 78 360 216 
124 250 205 212 217 
124 211 206 213 218 
124 212 207 214 219 
124 213 208 215 220 
124 214 209 216 221 
124 215 210 355 222 
124 245 211 218 223 
124 217 212 219 224 
124 218 213 220 225 
124 219 214 221 226 
124 220 215 222 227 
124 221 216 350 228 
124 240 217 224 229 
124 223 218 225 230 
124 224 219 226 231 
124 225 220 227 232 
124 226 221 228 233 
124 227 222 345 234 
124 235 223 230 
124 229 224 231 
124 230 225 232 
124 231 226 233 
124 232 227 234 
124 233 228 340 
124 236 240 229 
124 237 241 235 
124 238 242 236 
124 239 243 237 
124 244 238 
124 241 245 223 235 
124 242 246 240 236 
124 243 247 241 237 
124 244 248 242 238 
124 249 243 239 
124 246 250 217 240 
124 247 251 245 241 
124 248 252 246 242 
124 249 253 247 243 
124 254 248 244 
124 251 255 211 245 
124 252 256 250 246 
124 253 257 251 247 
124 254 258 252 248 
124 259 253 249 
124 256 260 205 250 
124 257 261 255 251 
124 258 262 256 252 
124 259 263 257 253 
124 264 258 254 
124 261 265 114 255 
124 262 266 260 256 
124 263 267 261 257 
124 264 268 262 258 
124 269 263 259 
124 266 270 120 260 
124 267 271 265 261 
124 268 272 266 262 
124 269 273 267 263 
124 274 268 264 
124 271 275 126 265 
124 272 276 270 266 
124 273 277 271 267 
124 274 278 272 268 
124 279 273 269 
124 276 280 132 270 
124 277 281 275 271 
124 278 282 276 272 
124 279 283 277 273 
124 284 278 274 
124 281 285 138 275 
124 282 286 280 276 
124 283 287 281 277 
124 284 288 282 278 
124 289 283 279 
124 286 290 144 280 
124 287 291 285 281 
124 288 292 286 282 
124 289 293 287 283 
124 294 288 284 
124 291 295 145 285 
124 292 296 290 286 
124 293 297 291 287 
124 294 298 292 288 
124 299 293 289 
124 296 300 151 290 
124 297 301 295 291 
124 298 302 296 292 
124 299 303 297 293 
124 304 298 294 
124 301 305 157 295 
124 302 306 300 296 
124 303 307 301 297 
124 304 308 302 298 
124 309 303 299 
124 306 310 163 300 
124 307 311 305 301 
124 308 312 306 302 
124 309 313 307 303 
124 314 308 304 
124 311 315 169 305 
124 312 316 310 306 
124 313 317 311 307 
124 314 318 312 308 
124 319 313 309 
124 316 320 175 310 
124 317 321 315 311 
124 318 322 316 312 
124 319 323 317 313 
124 324 318 314 
124 321 325 181 315 
124 322 326 320 316 
124 323 327 321 317 
124 324 328 322 318 
124 329 323 319 
124 326 330 187 320 
124 327 331 325 321 
124 328 332 326 322 
124 329 333 327 323 
124 334 328 324 
124 331 335 193 325 
124 332 336 330 326 
124 333 337 331 327 
124 334 338 332 328 
124 339 333 329 
124 336 199 330 
124 337 335 331 
124 338 336 332 
124 339 337 333 
124 338 334 
124 234 345 341 
124 340 346 342 
124 341 347 343 
124 342 348 344 
124 343 349 
124 228 350 346 340 
124 345 351 347 341 
124 346 352 348 342 
124 347 353 349 343 
124 348 354 344 
124 222 355 351 345 
124 350 356 352 346 
124 351 357 353 347 
124 352 358 354 348 
124 353 359 349 
124 216 360 356 350 
124 355 361 357 351 
124 356 362 358 352 
124 357 363 359 353 
124 358 364 354 
124 210 365 361 355 
124 360 366 362 356 
124 361 367 363 357 
124 362 368 364 358 
124 363 369 359 
124 72 370 366 360 
124 365 371 367 361 
124 366 372 368 362 
124 367 373 369 363 
124 368 374 364 
124 66 375 371 365 
124 370 376 372 366 
124 371 377 373 367 
124 372 378 374 368 
124 373 379 369 
124 60 380 376 370 
124 375 381 377 371 
124 376 382 378 372 
124 377 383 379 373 
124 378 384 374 
124 54 385 381 375 
124 380 386 382 376 
124 381 387 383 377 
124 382 388 384 378 
124 383 389 379 
124 48 390 386 380 
124 385 391 387 381 
124 386 392 388 382 
124 387 393 389 383 
124 388 394 384 
124 42 395 391 385 
124 390 396 392 386 
124 391 397 393 387 
124 392 398 394 388 
124 393 399 389 
124 150 400 396 390 
124 395 401 397 391 
124 396 402 398 392 
124 397 403 399 393 
124 398 404 394 
124 156 405 401 395 
124 400 406 402 396 
124 401 407 403 397 
124 402 408 404 398 
124 403 409 399 
124 162 410 406 400 
124 405 411 407 401 
124 406 412 408 402 
124 407 413 409 403 
124 408 414 404 
124 168 415 411 405 
124 410 416 412 406 
124 411 417 413 407 
124 412 418 414 408 
124 413 419 409 
124 174 420 416 410 
124 415 421 417 411 
124 416 422 418 412 
124 417 423 419 413 
124 418 424 414 
124 180 425 421 415 
124 420 426 422 416 
124 421 427 423 417 
124 422 428 424 418 
124 423 429 419 
124 186 430 426 420 
124 425 431 427 421 
124 426 432 428 422 
124 427 433 429 423 
124 428 434 424 
124 192 435 431 425 
124 430 436 432 426 
124 431 437 433 427 
124 432 438 434 428 
124 433 439 429 
124 198 440 436 430 
124 435 441 437 431 
124 436 442 438 432 
124 437 443 439 433 
124 438 444 434 
124 204 441 435 
124 440 442 436 
124 441 443 437 
124 442 444 438 
124 443 439 
