9
9
9
9
9
3
5
5
5
5
5
3
5
5
5
5
5
3
5
5
5
5
5
3
4
5
5
5
4
3
4
4
5
4
4
4
4
4
4
4
4
4
4
4
4
4
4
6
6
6
6
6
6
6
6
6
6
6
6
6
6
6
6
6
6
14
13
13
13
13
13
14
13
13
13
13
13
14
13
13
13
13
13
14
12
12
13
13
13
14
12
12
12
12
12
14
12
12
12
12
12
12
12
12
12
12
12
10
8
8
8
8
8
11
8
8
8
8
8
11
8
8
8
8
8
8
9
9
8
9
8
11
9
9
8
9
9
11
9
9
9
9
9
9
3
3
3
3
3
7
3
3
3
3
3
7
3
3
3
3
0
7
3
0
3
0
0
0
2
0
0
0
0
1
2
0
0
0
0
1
0
0
0
0
0
1
0
0
0
0
0
1
0
0
0
0
0
1
0
0
0
0
0
1
10
14
14
14
14
14
10
14
14
14
14
14
10
14
14
14
14
14
10
10
14
14
14
14
10
10
14
14
14
14
10
10
10
10
10
10
10
10
10
10
10
10
10
10
10
10
10
10
10
10
10
10
10
10
10
11
11
11
10
10
11
11
11
11
11
11
11
11
11
11
11
11
11
11
11
11
11
11
11
11
11
11
11
11
11
11
3
3
3
3
3
3
3
2
2
3
3
3
2
2
3
2
2
2
2
2
2
2
2
2
2
2
2
2
2
2
2
2
2
2
2
2
2
2
2
0
0
2
2
2
0
0
2
2
2
15
15
15
15
15
15
15
15
15
15
15
15
15
15
15
15
15
15
15
15
15
15
15
15
15
14
15
15
15
15
14
15
15
15
15
6
15
15
15
15
7
7
7
7
7
7
7
7
7
7
7
7
7
7
7
7
7
7
7
7
7
7
7
7
7
7
7
7
7
7
1
7
7
7
7
1
1
1
1
1
1
1
1
1
1
1
1
1
1
1
1
1
1
1
1
1
1
1
1
1
1
1
1
1
1
