23
23
22
22
22
22
22
11
11
11
11
10
10
10
9
9
9
9
9
9
9
9
21
21
21
21
21
21
20
20
20
20
22
22
22
22
22
22
22
11
11
11
11
10
10
10
9
9
9
9
9
9
9
9
21
21
21
21
21
20
20
20
20
20
22
22
22
22
22
22
22
12
12
12
10
10
10
10
9
9
9
9
9
9
9
9
21
21
21
21
21
20
20
20
20
20
22
22
22
22
22
22
22
12
12
12
12
13
13
13
14
14
14
14
14
14
14
14
27
27
27
27
27
20
20
20
20
20
22
22
22
22
22
22
12
12
12
12
12
13
13
13
14
14
14
14
14
14
14
14
27
27
27
27
27
27
25
25
25
25
24
24
24
24
24
24
12
12
12
12
13
13
13
13
14
14
14
14
14
14
14
14
27
27
27
27
27
27
25
25
25
25
24
24
24
24
24
24
12
12
12
12
13
13
13
13
14
14
14
14
14
14
14
14
27
27
27
27
27
27
25
25
25
25
24
24
24
24
24
24
12
12
12
12
13
13
13
13
15
15
15
15
15
15
15
26
27
27
27
27
27
27
25
25
25
25
24
24
24
24
24
24
12
12
12
12
13
13
13
13
15
15
15
15
15
15
15
26
26
26
26
27
27
27
25
25
25
25
24
24
24
24
24
7
7
12
12
12
13
13
13
13
13
15
15
15
15
15
15
26
26
26
26
26
26
25
25
25
25
25
24
24
24
24
24
7
7
7
7
12
13
13
13
13
13
15
15
15
15
15
15
26
26
26
26
26
26
25
25
25
25
25
28
28
28
28
28
7
7
7
7
6
6
6
6
6
6
15
15
15
15
15
15
26
26
26
26
26
26
30
30
28
28
28
28
28
28
28
28
7
7
7
7
6
6
6
6
6
6
3
3
3
3
3
3
26
26
26
26
26
26
30
30
28
28
28
28
28
28
28
28
7
7
7
7
6
6
6
6
6
6
3
3
3
3
3
3
26
26
26
31
31
31
30
30
28
28
28
28
28
28
28
28
7
7
7
7
7
6
6
6
6
6
3
3
3
3
3
3
3
31
31
31
31
31
30
30
30
30
28
29
29
29
28
28
7
7
7
7
7
6
6
6
6
6
3
3
3
3
3
3
3
31
31
31
31
31
30
30
30
30
29
29
29
29
29
29
29
7
7
7
7
5
6
6
6
6
3
3
3
3
3
3
3
31
31
31
31
31
30
30
30
30
29
29
29
29
29
29
29
5
5
5
5
5
5
5
2
2
2
2
2
2
2
2
2
31
31
31
31
31
30
30
30
30
29
29
29
29
29
29
29
5
5
5
5
5
5
5
2
2
2
2
2
2
2
2
2
31
31
31
31
30
30
30
30
30
29
29
29
29
29
29
29
5
5
5
5
5
5
5
2
2
2
2
2
2
2
2
2
31
31
31
31
30
30
30
30
30
29
18
18
18
18
18
18
5
5
5
5
5
5
5
2
2
1
1
1
1
1
2
2
31
16
16
16
16
16
16
16
18
18
18
18
18
18
18
18
4
4
4
4
5
5
5
1
1
1
1
1
1
1
0
0
0
16
16
16
16
16
16
16
18
18
18
18
18
18
18
18
4
4
4
4
4
4
4
1
1
1
1
1
0
0
0
0
0
16
16
16
16
16
16
16
18
18
18
18
18
18
18
18
4
4
4
4
4
4
4
1
1
1
1
0
0
0
0
0
0
16
16
16
16
16
16
16
18
18
19
19
19
19
19
19
4
4
4
4
4
4
4
1
1
1
1
0
0
0
0
0
0
17
17
17
16
16
16
16
19
19
19
19
19
19
19
19
4
4
4
4
4
4
4
1
1
1
1
0
0
0
0
0
0
17
17
17
17
17
17
17
19
19
19
19
19
19
19
19
23
11
11
11
11
10
10
10
1
1
1
0
0
0
0
0
0
17
17
17
17
17
17
17
19
19
19
19
19
19
19
23
23
11
11
11
11
10
10
10
10
8
8
8
8
8
8
8
8
17
17
17
17
17
17
17
19
19
23
23
23
23
23
23
23
11
11
11
11
10
10
10
10
8
8
8
8
8
8
8
8
17
17
17
17
17
17
17
17
19
23
23
23
23
23
23
23
11
11
11
11
10
10
10
10
8
8
8
8
8
8
8
8
21
21
21
21
21
20
20
20
20
23
23
23
23
23
23
23
11
11
11
11
10
10
10
10
8
8
8
8
8
8
8
8
21
21
21
21
21
20
20
20
20
23
23
23
23
23
23
23
11
11
11
11
10
10
10
9
9
9
9
9
9
9
9
21
21
21
21
21
21
20
20
20
20
