60
60
60
60
61
61
61
18
18
18
18
17
17
17
17
30
30
30
31
31
31
31
39
39
39
39
39
51
51
51
51
51
41
41
41
61
61
61
61
18
18
18
18
17
17
17
30
30
30
30
30
31
31
31
39
39
38
38
38
38
38
41
41
41
41
41
42
42
42
42
42
20
20
20
20
21
17
17
30
30
30
30
30
31
31
31
39
39
38
38
38
38
38
41
41
41
41
41
42
42
42
42
42
20
20
20
20
21
21
21
26
26
26
26
27
27
31
31
39
39
38
38
38
38
38
41
41
41
40
42
42
42
42
42
23
23
20
20
20
21
21
21
26
26
26
26
27
27
27
27
36
36
36
36
37
37
37
40
40
40
40
43
43
43
43
42
23
23
20
20
20
21
21
21
26
26
26
26
27
27
27
27
36
36
36
36
37
37
37
40
40
40
40
43
43
43
43
43
23
23
20
20
20
21
21
21
26
26
26
26
27
27
27
27
36
36
36
36
37
37
37
40
40
40
40
43
43
43
43
43
23
23
23
22
22
22
21
21
24
24
24
24
25
27
27
36
36
36
36
37
37
37
37
40
40
40
45
45
45
45
43
43
23
23
23
23
22
22
22
22
24
24
24
24
25
25
25
35
35
35
35
37
37
37
37
47
47
47
47
45
45
45
45
8
8
23
23
23
22
22
22
22
24
24
24
25
25
25
25
35
35
35
35
34
34
34
34
47
47
47
47
45
45
45
45
8
8
8
8
22
22
22
22
22
24
24
24
25
25
25
25
35
35
34
34
34
34
34
34
47
47
47
47
45
45
45
45
8
8
8
8
8
11
11
11
11
11
24
24
25
25
25
25
35
35
34
34
34
34
34
34
47
47
47
46
44
44
44
44
8
8
8
8
8
11
11
11
11
11
4
4
4
4
5
5
35
35
35
33
33
32
32
32
46
46
46
46
44
44
44
44
9
9
9
9
9
11
11
11
11
11
4
4
4
5
5
5
35
33
33
33
33
32
32
32
46
46
46
46
44
44
44
44
9
9
9
9
10
10
10
10
11
11
4
4
4
5
5
5
5
33
33
33
33
32
32
32
46
46
46
46
44
44
44
44
9
9
9
9
10
10
10
10
10
10
4
4
4
5
5
5
5
33
33
33
33
32
32
32
46
46
46
56
56
58
58
58
58
9
9
9
10
10
10
10
10
10
4
4
4
5
5
5
5
54
54
33
33
32
32
32
32
46
56
56
56
58
58
58
58
13
13
13
13
12
12
12
7
7
7
7
6
6
6
6
6
54
54
54
55
55
55
55
55
56
56
56
56
58
58
58
58
13
13
13
13
12
12
12
7
7
7
7
6
6
6
6
6
54
54
54
55
55
55
55
55
56
56
56
56
58
58
58
58
13
13
13
13
12
12
12
7
7
7
7
6
6
6
6
6
54
54
54
54
55
55
55
55
56
56
57
56
59
59
59
59
13
13
13
13
12
12
12
7
7
3
3
3
3
3
6
6
54
54
54
54
55
55
53
53
57
57
57
57
59
59
59
59
14
14
14
14
12
12
12
3
3
3
3
3
3
3
1
1
1
52
52
52
52
52
53
53
57
57
57
57
59
59
59
59
14
14
14
15
15
15
15
2
3
3
3
3
0
0
1
1
1
52
52
52
52
52
53
53
53
57
57
57
59
59
59
59
14
14
14
15
15
15
15
2
2
2
2
0
0
0
1
1
1
48
52
52
52
52
53
53
53
57
57
57
62
62
63
63
14
14
14
15
15
15
15
2
2
2
2
0
0
0
1
1
1
48
48
48
52
52
53
53
53
57
62
62
62
62
63
63
14
14
14
15
15
15
15
2
2
2
2
0
0
0
0
1
1
48
48
48
48
48
53
53
53
62
62
62
62
63
63
63
63
19
19
19
19
16
16
16
2
2
2
0
0
0
0
1
1
48
48
48
48
48
50
50
50
50
62
62
62
63
63
63
63
19
19
19
19
16
16
16
16
28
28
28
28
29
29
29
29
48
48
49
49
49
50
50
50
50
62
62
62
63
63
63
63
19
19
19
19
16
16
16
16
28
28
28
28
29
29
29
29
49
49
49
49
49
50
50
50
50
60
60
60
60
61
61
61
19
19
19
19
16
16
16
16
28
28
28
28
29
29
29
29
49
49
49
49
51
50
50
50
50
60
60
60
60
61
61
61
18
18
18
18
17
17
17
17
28
28
28
28
29
29
29
29
49
49
49
49
51
51
51
51
51
60
60
60
60
61
61
61
18
18
18
18
17
17
17
17
30
30
30
31
31
31
31
39
39
39
39
39
51
51
51
51
51
