51
52
53
54
55
56
57
58
59
60
61
62
63
64
65
66
67
68
69
70
71
72
73
74
126
127
128
129
130
131
132
133
134
135
136
137
138
139
140
141
142
143
144
145
146
147
148
149
211
212
213
214
215
216
217
218
219
220
221
222
223
224
225
226
227
228
229
230
231
232
233
234
296
297
298
299
300
301
302
303
304
305
306
307
308
309
310
311
312
313
314
315
316
317
318
319
320
321
322
323
328
329
330
331
336
337
338
339
356
357
358
359
364
365
366
367
376
377
378
379
392
393
394
395
404
405
406
407
412
413
414
415
432
433
434
435
440
441
442
443
448
449
450
451
