8
9
10
12
14
24
26
28
30
33
35
37
39
43
48
84
86
88
90
99
100
101
103
105
111
116
119
121
123
125
159
161
162
163
164
174
176
178
180
185
187
188
189
190
191
192
193
194
203
204
205
206
207
208
209
210
244
246
248
250
260
262
263
264
265
274
275
276
277
278
279
280
281
287
288
289
290
291
292
293
294
295
324
325
326
327
332
333
334
335
340
341
342
343
344
345
346
347
348
349
350
351
352
353
354
355
360
361
362
363
368
369
370
371
372
373
374
375
380
381
382
383
384
385
386
387
388
389
390
391
396
397
398
399
400
401
402
403
408
409
410
411
416
417
418
419
420
421
422
423
424
425
426
427
428
429
430
431
436
437
438
439
444
445
446
447
452
453
454
455
456
457
458
459
460
461
462
463
