0
1
2
3
4
5
6
7
11
13
15
16
17
18
19
20
21
22
23
25
27
29
31
32
34
36
38
40
41
42
44
45
46
47
49
50
75
76
77
78
79
80
81
82
83
85
87
89
91
92
93
94
95
96
97
98
102
104
106
107
108
109
110
112
113
114
115
117
118
120
122
124
150
151
152
153
154
155
156
157
158
160
165
166
167
168
169
170
171
172
173
175
177
179
181
182
183
184
186
195
196
197
198
199
200
201
202
235
236
237
238
239
240
241
242
243
245
247
249
251
252
253
254
255
256
257
258
259
261
266
267
268
269
270
271
272
273
282
283
284
285
286
