0
0
0
0
0
0
1
1
0
0
0
0
1
1
1
0
0
4
1
1
1
1
4
4
1
1
1
1
1
4
1
1
1
1
4
4
1
10
10
10
10
10
10
9
9
10
10
10
9
9
9
9
10
10
3
3
6
9
9
10
2
2
3
6
9
9
2
2
2
2
2
9
2
2
2
2
5
9
2
2
2
2
2
5
2
3
2
2
5
5
3
3
3
5
5
5
0
3
3
5
5
5
3
3
3
3
5
5
7
3
3
3
6
6
7
7
3
3
3
6
7
7
7
3
3
7
7
7
7
7
7
7
0
7
7
7
7
0
0
0
7
7
0
0
0
4
4
4
10
4
8
4
4
4
4
4
8
4
4
4
4
4
8
8
4
4
4
4
8
8
4
4
4
4
8
4
4
4
4
4
8
8
8
4
11
4
8
8
4
11
11
11
4
4
4
4
11
11
4
4
4
11
11
11
5
5
5
5
5
9
2
5
5
5
5
5
2
5
5
5
5
5
2
5
5
5
5
5
2
5
5
5
5
5
2
2
6
6
6
2
6
6
6
6
6
6
6
6
6
6
6
6
6
6
6
6
6
6
6
6
6
6
6
6
6
6
6
6
6
6
6
6
6
6
6
6
6
6
7
0
6
0
6
7
0
0
0
7
7
3
3
7
7
7
8
0
8
8
8
8
8
8
8
8
8
8
8
8
8
8
8
8
8
8
8
8
8
8
8
8
8
8
8
8
8
8
8
8
8
8
8
8
8
0
0
0
0
0
0
9
9
9
9
9
9
9
9
9
9
9
9
9
9
9
9
9
9
9
9
9
9
9
10
10
9
10
10
10
10
10
10
10
10
10
10
10
10
10
10
10
10
10
10
10
10
1
1
10
10
11
11
1
1
1
11
11
1
11
1
4
11
11
11
11
4
11
11
11
11
4
11
11
11
11
11
11
11
11
11
11
11
11
11
11
11
11
11
11
11
11
11
11
11
11
11
11
11
11
11
11
11
11
11
11
