800 1540 10
1 2 41 
1 3 42 1 
1 4 43 2 
1 5 44 3 
1 6 45 4 
1 7 46 5 
1 8 47 6 
1 9 48 7 
1 10 49 8 
1 11 50 9 
1 12 51 10 
1 13 52 11 
1 14 53 12 
1 15 54 13 
1 16 55 14 
1 17 56 15 
1 18 57 16 
1 19 58 17 
1 20 59 18 
1 21 60 19 
1 22 61 20 
1 23 62 21 
1 24 63 22 
1 25 64 23 
1 26 65 24 
1 27 66 25 
1 28 67 26 
1 29 68 27 
1 30 69 28 
1 31 70 29 
1 32 71 30 
1 33 72 31 
1 34 73 32 
1 35 74 33 
1 36 75 34 
1 37 76 35 
1 38 77 36 
1 39 78 37 
1 40 79 38 
1 80 39 
1 1 42 81 
1 2 43 82 41 
1 3 44 83 42 
1 4 45 84 43 
1 5 46 85 44 
1 6 47 86 45 
1 7 48 87 46 
1 8 49 88 47 
1 9 50 89 48 
1 10 51 90 49 
1 11 52 91 50 
1 12 53 92 51 
1 13 54 93 52 
1 14 55 94 53 
1 15 56 95 54 
1 16 57 96 55 
1 17 58 97 56 
1 18 59 98 57 
1 19 60 99 58 
1 20 61 100 59 
1 21 62 101 60 
1 22 63 102 61 
1 23 64 103 62 
1 24 65 104 63 
1 25 66 105 64 
1 26 67 106 65 
1 27 68 107 66 
1 28 69 108 67 
1 29 70 109 68 
1 30 71 110 69 
1 31 72 111 70 
1 32 73 112 71 
1 33 74 113 72 
1 34 75 114 73 
1 35 76 115 74 
1 36 77 116 75 
1 37 78 117 76 
1 38 79 118 77 
1 39 80 119 78 
1 40 120 79 
1 41 82 121 
1 42 83 122 81 
1 43 84 123 82 
1 44 85 124 83 
1 45 86 125 84 
1 46 87 126 85 
1 47 88 127 86 
1 48 89 128 87 
1 49 90 129 88 
1 50 91 130 89 
1 51 92 131 90 
1 52 93 132 91 
1 53 94 133 92 
1 54 95 134 93 
1 55 96 135 94 
1 56 97 136 95 
1 57 98 137 96 
1 58 99 138 97 
1 59 100 139 98 
1 60 101 140 99 
1 61 102 141 100 
1 62 103 142 101 
1 63 104 143 102 
1 64 105 144 103 
1 65 106 145 104 
1 66 107 146 105 
1 67 108 147 106 
1 68 109 148 107 
1 69 110 149 108 
1 70 111 150 109 
1 71 112 151 110 
1 72 113 152 111 
1 73 114 153 112 
1 74 115 154 113 
1 75 116 155 114 
1 76 117 156 115 
1 77 118 157 116 
1 78 119 158 117 
1 79 120 159 118 
1 80 160 119 
1 81 122 161 
1 82 123 162 121 
1 83 124 163 122 
1 84 125 164 123 
1 85 126 165 124 
1 86 127 166 125 
1 87 128 167 126 
1 88 129 168 127 
1 89 130 169 128 
1 90 131 170 129 
1 91 132 171 130 
1 92 133 172 131 
1 93 134 173 132 
1 94 135 174 133 
1 95 136 175 134 
1 96 137 176 135 
1 97 138 177 136 
1 98 139 178 137 
1 99 140 179 138 
1 100 141 180 139 
1 101 142 181 140 
1 102 143 182 141 
1 103 144 183 142 
1 104 145 184 143 
1 105 146 185 144 
1 106 147 186 145 
1 107 148 187 146 
1 108 149 188 147 
1 109 150 189 148 
1 110 151 190 149 
1 111 152 191 150 
1 112 153 192 151 
1 113 154 193 152 
1 114 155 194 153 
1 115 156 195 154 
1 116 157 196 155 
1 117 158 197 156 
1 118 159 198 157 
1 119 160 199 158 
1 120 200 159 
1 121 162 201 
1 122 163 202 161 
1 123 164 203 162 
1 124 165 204 163 
1 125 166 205 164 
1 126 167 206 165 
1 127 168 207 166 
1 128 169 208 167 
1 129 170 209 168 
1 130 171 210 169 
1 131 172 211 170 
1 132 173 212 171 
1 133 174 213 172 
1 134 175 214 173 
1 135 176 215 174 
1 136 177 216 175 
1 137 178 217 176 
1 138 179 218 177 
1 139 180 219 178 
1 140 181 220 179 
1 141 182 221 180 
1 142 183 222 181 
1 143 184 223 182 
1 144 185 224 183 
1 145 186 225 184 
1 146 187 226 185 
1 147 188 227 186 
1 148 189 228 187 
1 149 190 229 188 
1 150 191 230 189 
1 151 192 231 190 
1 152 193 232 191 
1 153 194 233 192 
1 154 195 234 193 
1 155 196 235 194 
1 156 197 236 195 
1 157 198 237 196 
1 158 199 238 197 
1 159 200 239 198 
1 160 240 199 
1 161 202 241 
1 162 203 242 201 
1 163 204 243 202 
1 164 205 244 203 
1 165 206 245 204 
1 166 207 246 205 
1 167 208 247 206 
1 168 209 248 207 
1 169 210 249 208 
1 170 211 250 209 
1 171 212 251 210 
1 172 213 252 211 
1 173 214 253 212 
1 174 215 254 213 
1 175 216 255 214 
1 176 217 256 215 
1 177 218 257 216 
1 178 219 258 217 
1 179 220 259 218 
1 180 221 260 219 
1 181 222 261 220 
1 182 223 262 221 
1 183 224 263 222 
1 184 225 264 223 
1 185 226 265 224 
1 186 227 266 225 
1 187 228 267 226 
1 188 229 268 227 
1 189 230 269 228 
1 190 231 270 229 
1 191 232 271 230 
1 192 233 272 231 
1 193 234 273 232 
1 194 235 274 233 
1 195 236 275 234 
1 196 237 276 235 
1 197 238 277 236 
1 198 239 278 237 
1 199 240 279 238 
1 200 280 239 
1 201 242 281 
1 202 243 282 241 
1 203 244 283 242 
1 204 245 284 243 
1 205 246 285 244 
1 206 247 286 245 
1 207 248 287 246 
1 208 249 288 247 
1 209 250 289 248 
1 210 251 290 249 
1 211 252 291 250 
1 212 253 292 251 
1 213 254 293 252 
1 214 255 294 253 
1 215 256 295 254 
1 216 257 296 255 
1 217 258 297 256 
1 218 259 298 257 
1 219 260 299 258 
1 220 261 300 259 
1 221 262 301 260 
1 222 263 302 261 
1 223 264 303 262 
1 224 265 304 263 
1 225 266 305 264 
1 226 267 306 265 
1 227 268 307 266 
1 228 269 308 267 
1 229 270 309 268 
1 230 271 310 269 
1 231 272 311 270 
1 232 273 312 271 
1 233 274 313 272 
1 234 275 314 273 
1 235 276 315 274 
1 236 277 316 275 
1 237 278 317 276 
1 238 279 318 277 
1 239 280 319 278 
1 240 320 279 
1 241 282 321 
1 242 283 322 281 
1 243 284 323 282 
1 244 285 324 283 
1 245 286 325 284 
1 246 287 326 285 
1 247 288 327 286 
1 248 289 328 287 
1 249 290 329 288 
1 250 291 330 289 
1 251 292 331 290 
1 252 293 332 291 
1 253 294 333 292 
1 254 295 334 293 
1 255 296 335 294 
1 256 297 336 295 
1 257 298 337 296 
1 258 299 338 297 
1 259 300 339 298 
1 260 301 340 299 
1 261 302 341 300 
1 262 303 342 301 
1 263 304 343 302 
1 264 305 344 303 
1 265 306 345 304 
1 266 307 346 305 
1 267 308 347 306 
1 268 309 348 307 
1 269 310 349 308 
1 270 311 350 309 
1 271 312 351 310 
1 272 313 352 311 
1 273 314 353 312 
1 274 315 354 313 
1 275 316 355 314 
1 276 317 356 315 
1 277 318 357 316 
1 278 319 358 317 
1 279 320 359 318 
1 280 360 319 
1 281 322 361 
1 282 323 362 321 
1 283 324 363 322 
1 284 325 364 323 
1 285 326 365 324 
1 286 327 366 325 
1 287 328 367 326 
1 288 329 368 327 
1 289 330 369 328 
1 290 331 370 329 
1 291 332 371 330 
1 292 333 372 331 
1 293 334 373 332 
1 294 335 374 333 
1 295 336 375 334 
1 296 337 376 335 
1 297 338 377 336 
1 298 339 378 337 
1 299 340 379 338 
1 300 341 380 339 
1 301 342 381 340 
1 302 343 382 341 
1 303 344 383 342 
1 304 345 384 343 
1 305 346 385 344 
1 306 347 386 345 
1 307 348 387 346 
1 308 349 388 347 
1 309 350 389 348 
1 310 351 390 349 
1 311 352 391 350 
1 312 353 392 351 
1 313 354 393 352 
1 314 355 394 353 
1 315 356 395 354 
1 316 357 396 355 
1 317 358 397 356 
1 318 359 398 357 
1 319 360 399 358 
1 320 400 359 
1 321 362 401 
1 322 363 402 361 
1 323 364 403 362 
1 324 365 404 363 
1 325 366 405 364 
1 326 367 406 365 
1 327 368 407 366 
1 328 369 408 367 
1 329 370 409 368 
1 330 371 410 369 
1 331 372 411 370 
1 332 373 412 371 
1 333 374 413 372 
1 334 375 414 373 
1 335 376 415 374 
1 336 377 416 375 
1 337 378 417 376 
1 338 379 418 377 
1 339 380 419 378 
1 340 381 420 379 
1 341 382 421 380 
1 342 383 422 381 
1 343 384 423 382 
1 344 385 424 383 
1 345 386 425 384 
1 346 387 426 385 
1 347 388 427 386 
1 348 389 428 387 
1 349 390 429 388 
1 350 391 430 389 
1 351 392 431 390 
1 352 393 432 391 
1 353 394 433 392 
1 354 395 434 393 
1 355 396 435 394 
1 356 397 436 395 
1 357 398 437 396 
1 358 399 438 397 
1 359 400 439 398 
1 360 440 399 
1 361 402 441 
1 362 403 442 401 
1 363 404 443 402 
1 364 405 444 403 
1 365 406 445 404 
1 366 407 446 405 
1 367 408 447 406 
1 368 409 448 407 
1 369 410 449 408 
1 370 411 450 409 
1 371 412 451 410 
1 372 413 452 411 
1 373 414 453 412 
1 374 415 454 413 
1 375 416 455 414 
1 376 417 456 415 
1 377 418 457 416 
1 378 419 458 417 
1 379 420 459 418 
1 380 421 460 419 
1 381 422 461 420 
1 382 423 462 421 
1 383 424 463 422 
1 384 425 464 423 
1 385 426 465 424 
1 386 427 466 425 
1 387 428 467 426 
1 388 429 468 427 
1 389 430 469 428 
1 390 431 470 429 
1 391 432 471 430 
1 392 433 472 431 
1 393 434 473 432 
1 394 435 474 433 
1 395 436 475 434 
1 396 437 476 435 
1 397 438 477 436 
1 398 439 478 437 
1 399 440 479 438 
1 400 480 439 
1 401 442 481 
1 402 443 482 441 
1 403 444 483 442 
1 404 445 484 443 
1 405 446 485 444 
1 406 447 486 445 
1 407 448 487 446 
1 408 449 488 447 
1 409 450 489 448 
1 410 451 490 449 
1 411 452 491 450 
1 412 453 492 451 
1 413 454 493 452 
1 414 455 494 453 
1 415 456 495 454 
1 416 457 496 455 
1 417 458 497 456 
1 418 459 498 457 
1 419 460 499 458 
1 420 461 500 459 
1 421 462 501 460 
1 422 463 502 461 
1 423 464 503 462 
1 424 465 504 463 
1 425 466 505 464 
1 426 467 506 465 
1 427 468 507 466 
1 428 469 508 467 
1 429 470 509 468 
1 430 471 510 469 
1 431 472 511 470 
1 432 473 512 471 
1 433 474 513 472 
1 434 475 514 473 
1 435 476 515 474 
1 436 477 516 475 
1 437 478 517 476 
1 438 479 518 477 
1 439 480 519 478 
1 440 520 479 
1 441 482 521 
1 442 483 522 481 
1 443 484 523 482 
1 444 485 524 483 
1 445 486 525 484 
1 446 487 526 485 
1 447 488 527 486 
1 448 489 528 487 
1 449 490 529 488 
1 450 491 530 489 
1 451 492 531 490 
1 452 493 532 491 
1 453 494 533 492 
1 454 495 534 493 
1 455 496 535 494 
1 456 497 536 495 
1 457 498 537 496 
1 458 499 538 497 
1 459 500 539 498 
1 460 501 540 499 
1 461 502 541 500 
1 462 503 542 501 
1 463 504 543 502 
1 464 505 544 503 
1 465 506 545 504 
1 466 507 546 505 
1 467 508 547 506 
1 468 509 548 507 
1 469 510 549 508 
1 470 511 550 509 
1 471 512 551 510 
1 472 513 552 511 
1 473 514 553 512 
1 474 515 554 513 
1 475 516 555 514 
1 476 517 556 515 
1 477 518 557 516 
1 478 519 558 517 
1 479 520 559 518 
1 480 560 519 
1 481 522 561 
1 482 523 562 521 
1 483 524 563 522 
1 484 525 564 523 
1 485 526 565 524 
1 486 527 566 525 
1 487 528 567 526 
1 488 529 568 527 
1 489 530 569 528 
1 490 531 570 529 
1 491 532 571 530 
1 492 533 572 531 
1 493 534 573 532 
1 494 535 574 533 
1 495 536 575 534 
1 496 537 576 535 
1 497 538 577 536 
1 498 539 578 537 
1 499 540 579 538 
1 500 541 580 539 
1 501 542 581 540 
1 502 543 582 541 
1 503 544 583 542 
1 504 545 584 543 
1 505 546 585 544 
1 506 547 586 545 
1 507 548 587 546 
1 508 549 588 547 
1 509 550 589 548 
1 510 551 590 549 
1 511 552 591 550 
1 512 553 592 551 
1 513 554 593 552 
1 514 555 594 553 
1 515 556 595 554 
1 516 557 596 555 
1 517 558 597 556 
1 518 559 598 557 
1 519 560 599 558 
1 520 600 559 
1 521 562 601 
1 522 563 602 561 
1 523 564 603 562 
1 524 565 604 563 
1 525 566 605 564 
1 526 567 606 565 
1 527 568 607 566 
1 528 569 608 567 
1 529 570 609 568 
1 530 571 610 569 
1 531 572 611 570 
1 532 573 612 571 
1 533 574 613 572 
1 534 575 614 573 
1 535 576 615 574 
1 536 577 616 575 
1 537 578 617 576 
1 538 579 618 577 
1 539 580 619 578 
1 540 581 620 579 
1 541 582 621 580 
1 542 583 622 581 
1 543 584 623 582 
1 544 585 624 583 
1 545 586 625 584 
1 546 587 626 585 
1 547 588 627 586 
1 548 589 628 587 
1 549 590 629 588 
1 550 591 630 589 
1 551 592 631 590 
1 552 593 632 591 
1 553 594 633 592 
1 554 595 634 593 
1 555 596 635 594 
1 556 597 636 595 
1 557 598 637 596 
1 558 599 638 597 
1 559 600 639 598 
1 560 640 599 
1 561 602 641 
1 562 603 642 601 
1 563 604 643 602 
1 564 605 644 603 
1 565 606 645 604 
1 566 607 646 605 
1 567 608 647 606 
1 568 609 648 607 
1 569 610 649 608 
1 570 611 650 609 
1 571 612 651 610 
1 572 613 652 611 
1 573 614 653 612 
1 574 615 654 613 
1 575 616 655 614 
1 576 617 656 615 
1 577 618 657 616 
1 578 619 658 617 
1 579 620 659 618 
1 580 621 660 619 
1 581 622 661 620 
1 582 623 662 621 
1 583 624 663 622 
1 584 625 664 623 
1 585 626 665 624 
1 586 627 666 625 
1 587 628 667 626 
1 588 629 668 627 
1 589 630 669 628 
1 590 631 670 629 
1 591 632 671 630 
1 592 633 672 631 
1 593 634 673 632 
1 594 635 674 633 
1 595 636 675 634 
1 596 637 676 635 
1 597 638 677 636 
1 598 639 678 637 
1 599 640 679 638 
1 600 680 639 
1 601 642 681 
1 602 643 682 641 
1 603 644 683 642 
1 604 645 684 643 
1 605 646 685 644 
1 606 647 686 645 
1 607 648 687 646 
1 608 649 688 647 
1 609 650 689 648 
1 610 651 690 649 
1 611 652 691 650 
1 612 653 692 651 
1 613 654 693 652 
1 614 655 694 653 
1 615 656 695 654 
1 616 657 696 655 
1 617 658 697 656 
1 618 659 698 657 
1 619 660 699 658 
1 620 661 700 659 
1 621 662 701 660 
1 622 663 702 661 
1 623 664 703 662 
1 624 665 704 663 
1 625 666 705 664 
1 626 667 706 665 
1 627 668 707 666 
1 628 669 708 667 
1 629 670 709 668 
1 630 671 710 669 
1 631 672 711 670 
1 632 673 712 671 
1 633 674 713 672 
1 634 675 714 673 
1 635 676 715 674 
1 636 677 716 675 
1 637 678 717 676 
1 638 679 718 677 
1 639 680 719 678 
1 640 720 679 
1 641 682 721 
1 642 683 722 681 
1 643 684 723 682 
1 644 685 724 683 
1 645 686 725 684 
1 646 687 726 685 
1 647 688 727 686 
1 648 689 728 687 
1 649 690 729 688 
1 650 691 730 689 
1 651 692 731 690 
1 652 693 732 691 
1 653 694 733 692 
1 654 695 734 693 
1 655 696 735 694 
1 656 697 736 695 
1 657 698 737 696 
1 658 699 738 697 
1 659 700 739 698 
1 660 701 740 699 
1 661 702 741 700 
1 662 703 742 701 
1 663 704 743 702 
1 664 705 744 703 
1 665 706 745 704 
1 666 707 746 705 
1 667 708 747 706 
1 668 709 748 707 
1 669 710 749 708 
1 670 711 750 709 
1 671 712 751 710 
1 672 713 752 711 
1 673 714 753 712 
1 674 715 754 713 
1 675 716 755 714 
1 676 717 756 715 
1 677 718 757 716 
1 678 719 758 717 
1 679 720 759 718 
1 680 760 719 
1 681 722 761 
1 682 723 762 721 
1 683 724 763 722 
1 684 725 764 723 
1 685 726 765 724 
1 686 727 766 725 
1 687 728 767 726 
1 688 729 768 727 
1 689 730 769 728 
1 690 731 770 729 
1 691 732 771 730 
1 692 733 772 731 
1 693 734 773 732 
1 694 735 774 733 
1 695 736 775 734 
1 696 737 776 735 
1 697 738 777 736 
1 698 739 778 737 
1 699 740 779 738 
1 700 741 780 739 
1 701 742 781 740 
1 702 743 782 741 
1 703 744 783 742 
1 704 745 784 743 
1 705 746 785 744 
1 706 747 786 745 
1 707 748 787 746 
1 708 749 788 747 
1 709 750 789 748 
1 710 751 790 749 
1 711 752 791 750 
1 712 753 792 751 
1 713 754 793 752 
1 714 755 794 753 
1 715 756 795 754 
1 716 757 796 755 
1 717 758 797 756 
1 718 759 798 757 
1 719 760 799 758 
1 720 800 759 
1 721 762 
1 722 763 761 
1 723 764 762 
1 724 765 763 
1 725 766 764 
1 726 767 765 
1 727 768 766 
1 728 769 767 
1 729 770 768 
1 730 771 769 
1 731 772 770 
1 732 773 771 
1 733 774 772 
1 734 775 773 
1 735 776 774 
1 736 777 775 
1 737 778 776 
1 738 779 777 
1 739 780 778 
1 740 781 779 
1 741 782 780 
1 742 783 781 
1 743 784 782 
1 744 785 783 
1 745 786 784 
1 746 787 785 
1 747 788 786 
1 748 789 787 
1 749 790 788 
1 750 791 789 
1 751 792 790 
1 752 793 791 
1 753 794 792 
1 754 795 793 
1 755 796 794 
1 756 797 795 
1 757 798 796 
1 758 799 797 
1 759 800 798 
1 760 799 
