9
9
8
25
25
25
26
26
8
25
25
25
26
26
26
26
25
25
26
26
26
24
24
24
27
27
27
27
24
24
27
30
27
24
24
24
27
30
27
31
31
28
27
31
31
31
31
28
30
30
30
30
31
28
30
30
30
31
31
28
6
6
6
6
3
3
6
6
6
6
3
3
6
7
7
7
1
1
7
7
7
1
1
1
7
7
4
5
0
0
7
4
4
5
5
5
4
4
4
5
5
5
4
4
4
5
5
10
11
11
11
11
10
15
11
11
11
10
10
10
11
11
10
10
10
14
9
9
8
10
14
14
9
9
9
8
8
8
9
9
8
8
8
14
19
19
25
24
24
22
25
25
22
22
22
22
22
22
22
22
22
23
19
22
22
22
23
23
19
22
22
17
22
22
17
22
17
17
17
20
17
17
17
21
20
20
16
16
17
21
20
21
16
16
16
17
17
21
17
16
17
21
21
21
10
5
12
12
1
1
12
0
0
12
12
1
0
0
12
12
0
1
0
0
0
0
0
0
12
12
0
0
0
0
12
12
13
13
13
12
12
13
13
13
13
12
13
13
13
12
12
12
13
13
12
15
13
13
13
12
15
15
13
13
15
15
15
15
13
15
15
15
15
15
15
15
15
14
14
15
14
14
18
18
14
14
19
19
14
19
18
18
18
14
19
19
14
14
18
19
19
19
18
18
19
19
14
18
18
16
19
19
16
16
16
19
18
16
16
16
19
18
16
16
18
16
17
16
18
18
16
18
18
18
17
17
17
17
18
1
1
1
2
2
2
2
2
2
2
1
2
3
2
2
1
3
3
3
2
2
3
2
2
29
2
3
2
3
29
2
3
3
3
29
2
28
28
28
29
2
29
29
29
29
28
28
28
29
29
23
23
28
28
29
23
28
28
28
29
23
23
23
23
23
22
23
29
29
23
23
29
29
29
29
23
23
23
23
20
20
20
20
20
20
21
20
20
20
21
21
20
20
21
21
20
20
21
21
21
21
20
21
21
21
