54
54
56
56
56
55
55
42
42
42
43
43
47
47
47
45
45
45
30
30
30
30
30
84
84
84
92
92
92
91
91
54
54
54
56
56
56
55
55
42
42
42
43
43
47
47
4
4
4
4
4
30
30
30
86
86
84
84
84
84
87
87
87
54
54
54
56
56
56
55
55
42
42
42
8
8
8
8
4
4
4
4
4
3
3
3
86
86
84
84
84
87
87
87
87
54
52
52
53
53
51
51
55
6
6
6
8
8
8
8
5
5
5
5
4
3
3
3
86
86
85
85
88
88
87
87
87
52
52
53
53
53
51
51
6
6
6
6
8
8
7
7
5
5
5
5
3
3
3
3
86
86
85
85
88
88
89
89
89
52
52
53
53
51
51
51
6
6
6
6
8
8
7
7
7
5
5
5
2
2
2
2
86
86
85
85
88
88
89
89
89
52
52
53
53
51
51
51
11
11
11
11
11
9
7
7
7
0
0
2
2
2
2
2
86
86
85
85
88
88
89
89
89
52
52
53
53
50
50
50
11
11
11
11
11
9
9
9
7
0
0
2
2
1
1
72
72
72
85
85
88
88
89
89
89
52
48
49
49
50
50
50
10
10
10
10
10
9
9
9
0
0
0
1
1
1
1
72
72
72
72
72
75
75
75
75
48
48
48
49
49
50
50
50
10
10
10
10
10
9
9
9
0
0
0
1
1
1
1
73
73
73
72
72
75
75
75
75
48
48
49
49
49
50
50
50
10
10
23
23
23
23
12
12
12
12
13
13
13
14
14
73
73
73
73
76
76
75
75
75
48
48
49
49
69
69
69
69
69
21
21
23
23
22
22
12
12
12
13
13
13
14
14
73
73
73
73
76
76
77
77
77
48
48
67
67
69
69
69
69
69
21
21
23
23
22
22
22
12
12
13
13
14
14
14
74
74
74
74
76
76
77
77
77
67
67
67
67
71
71
71
71
71
21
21
23
23
22
22
22
12
12
13
13
14
14
14
74
74
74
74
76
76
77
77
77
67
67
67
67
71
71
71
71
71
21
21
23
23
22
22
22
17
17
17
16
16
15
15
15
74
74
74
76
76
77
77
77
67
67
68
68
68
70
70
71
71
21
21
19
19
18
18
18
17
17
17
16
16
15
15
15
81
81
83
83
83
82
82
82
68
68
68
68
68
70
70
70
20
20
20
19
19
18
18
18
17
17
17
16
16
16
15
15
81
81
83
83
83
82
82
82
68
68
66
66
66
70
70
70
20
20
20
19
19
18
18
18
17
17
17
16
16
16
15
15
81
81
83
83
83
82
82
82
66
66
66
66
66
70
70
70
20
20
20
19
19
18
28
28
29
29
29
26
26
25
25
25
81
81
81
83
83
82
82
78
66
66
61
61
65
65
64
64
20
20
20
19
19
28
28
28
29
29
29
26
26
25
25
25
24
81
79
79
79
79
78
78
61
61
61
61
65
65
64
64
39
39
39
39
39
28
28
28
29
29
29
26
26
25
25
24
24
24
79
79
79
79
78
78
61
61
61
61
65
65
64
64
40
40
39
39
39
37
37
28
29
29
29
26
26
25
25
24
24
24
80
80
79
79
78
78
62
62
62
62
65
65
64
64
40
40
39
39
37
37
37
27
27
27
27
26
26
25
25
24
24
24
80
80
80
80
78
78
62
62
62
62
65
65
64
64
40
40
41
41
37
37
37
27
27
27
27
33
33
35
35
34
34
34
80
80
80
80
78
78
62
62
60
60
65
65
63
63
40
40
41
41
37
37
37
38
27
27
33
33
33
35
35
34
34
34
94
94
94
94
94
94
60
60
60
60
63
63
63
63
40
40
41
41
38
38
38
38
36
36
33
33
33
35
35
34
34
34
94
94
94
95
95
95
60
60
60
60
63
63
63
63
40
41
41
41
38
38
38
36
36
36
36
33
35
35
35
34
34
93
93
94
94
95
95
95
95
60
59
59
58
58
57
57
57
41
41
41
38
38
38
36
36
36
36
33
35
35
35
31
31
93
93
93
93
95
95
95
95
59
59
59
58
58
57
57
57
44
44
44
44
46
46
46
46
46
46
32
32
32
32
31
31
93
93
93
93
95
91
91
91
59
59
59
58
58
58
57
57
44
44
44
44
46
46
46
46
46
45
32
32
32
32
31
31
90
90
90
92
92
92
91
91
59
59
59
58
58
58
57
57
44
44
43
43
43
47
47
47
45
45
45
32
32
32
31
31
90
90
90
92
92
92
91
91
59
54
54
56
56
56
55
55
42
44
43
43
43
47
47
47
45
45
45
30
30
31
31
31
90
90
90
92
92
92
91
91
54
