12
12
12
12
12
13
13
13
13
13
13
13
8
8
8
8
8
8
8
8
8
7
7
7
7
7
7
7
4
4
4
4
4
4
4
4
4
4
4
4
12
12
12
12
12
13
13
13
13
13
13
13
8
8
8
8
8
8
8
8
8
7
7
7
7
7
7
7
7
4
4
4
4
4
4
4
4
4
4
4
12
12
12
12
12
13
13
13
13
13
13
13
8
8
8
8
8
8
8
8
8
7
7
7
7
7
7
7
7
4
4
4
4
4
4
4
4
4
4
4
12
12
12
12
12
12
13
13
13
13
13
13
8
8
8
8
8
8
8
8
8
7
7
7
7
7
7
7
7
4
4
4
4
4
4
4
4
4
4
4
12
12
12
12
12
12
13
13
13
13
13
13
8
8
8
8
8
8
8
8
8
7
7
7
7
7
7
7
7
5
5
5
5
5
5
5
5
4
4
4
12
12
12
12
12
12
13
13
13
13
13
13
9
9
9
8
8
8
8
8
8
7
7
7
7
7
7
7
7
6
5
5
5
5
5
5
5
5
5
5
12
12
12
12
12
12
13
13
13
13
9
9
9
9
9
9
9
9
9
9
9
7
6
6
6
6
6
6
6
6
5
5
5
5
5
5
5
5
5
5
12
12
12
12
12
12
13
13
13
13
9
9
9
9
9
9
9
9
9
9
9
6
6
6
6
6
6
6
6
6
5
5
5
5
5
5
5
5
5
5
12
12
12
12
12
12
13
13
13
13
9
9
9
9
9
9
9
9
9
9
9
6
6
6
6
6
6
6
6
6
6
5
5
5
5
5
5
5
5
5
15
15
15
15
15
15
15
15
15
10
10
10
10
10
10
10
9
9
9
9
9
6
6
6
6
6
6
6
6
6
6
5
5
5
5
1
1
1
1
1
15
15
15
15
15
15
15
15
15
10
10
10
10
10
10
10
9
9
9
9
9
6
6
6
6
6
6
6
6
2
2
1
1
1
1
1
1
1
1
1
15
15
15
15
15
15
15
15
15
10
10
10
10
10
10
10
10
9
9
9
9
6
6
6
6
6
2
2
2
2
2
1
1
1
1
1
1
1
1
1
15
15
15
15
15
15
15
15
15
10
10
10
10
10
10
10
10
10
10
3
3
3
3
3
3
2
2
2
2
2
2
1
1
1
1
1
1
1
1
1
15
15
15
15
15
15
15
15
15
10
10
10
10
10
10
10
10
10
10
3
3
3
3
3
3
2
2
2
2
2
2
1
1
1
1
1
1
1
1
1
15
15
15
15
14
14
14
14
14
10
11
11
11
10
10
10
10
10
10
3
3
3
3
3
3
2
2
2
2
2
2
0
0
0
0
1
1
1
1
1
14
14
14
14
14
14
14
14
14
11
11
11
11
11
11
11
11
10
10
3
3
3
3
3
3
2
2
2
2
2
0
0
0
0
0
1
1
1
1
1
14
14
14
14
14
14
14
14
14
11
11
11
11
11
11
11
11
11
11
3
3
3
3
3
3
2
2
2
2
2
0
0
0
0
0
0
0
0
0
0
14
14
14
14
14
14
14
14
14
11
11
11
11
11
11
11
11
11
11
3
3
3
3
3
3
2
2
2
2
2
0
0
0
0
0
0
0
0
0
0
14
14
14
14
14
14
14
14
14
11
11
11
11
11
11
11
11
11
11
3
3
3
3
3
3
2
2
2
2
2
0
0
0
0
0
0
0
0
0
0
14
14
14
14
14
14
14
14
14
11
11
11
11
11
11
11
11
11
11
3
3
3
3
3
3
2
2
2
2
2
0
0
0
0
0
0
0
0
0
0
